1517
522
4968
327
3591
3906
3534
4451
2923
4160
642
1702
937
423
349
3205
3416
1305
1010
271
140
4811
3132
2533
3645
1862
346
4084
3226
3758
1358
4188
1062
2689
4748
314
3803
3608
2702
2339
4783
2898
4450
2631
4802
3081
1603
1125
660
1410
4422
129
1492
2502
3997
365
2177
2705
3499
795
1490
4191
2781
3080
2440
1230
2659
4421
779
3764
1920
1803
2602
983
2438
295
4533
3064
1822
3527
4613
2630
2448
2615
1673
1069
870
817
861
3334
2652
1839
3674
0
4415
1528
1680
2102
695
1536
262
3582
4319
3871
2530
612
3678
4076
3347
1187
4454
1132
259
655
386
3303
370
2954
5
986
1933
3146
760
3620
1918
2081
4182
3922
810
1720
1772
2734
4539
4220
1869
1157
1086
1873
153
2359
735
2472
3033
1160
1668
1371
2771
1202
1112
548
27
3168
1042
3772
2749
770
4381
542
4521
1808
3744
2377
2159
3726
704
3234
2037
4561
2879
3435
1971
3428
1653
4094
4069
747
3647
1083
3783
2612
4033
3062
3268
2983
557
1485
3129
3595
1365
2693
4701
3255
1923
3488
3138
3877
2483
4207
4404
2385
1962
4481
945
4606
1152
4567
3165
1020
1335
3695
3820
276
2818
4375
1635
4059
429
1458
2342
1553
26
865
4814
553
3477
4736
1117
3406
1431
175
1575
596
476
4611
3854
340
169
471
4388
2969
2685
1391
1616
4231
1711
4752
4206
3041
4846
1017
1070
1252
2901
3149
1046
1520
4256
1611
261
3059
3736
939
822
2188
4397
128
692
232
3980
25
2389
2535
3284
323
1871
3895
3479
954
4889
3911
4293
2
4986
1938
1487
4975
2388
44
1753
3440
3229
1085
714
403
42
1122
321
1309
3380
687
1957
2128
1354
2059
2643
2654
1987
715
2979
1170
496
331
644
4060
1544
2551
1752
2019
2800
607
4434
2799
2757
494
985
396
2739
4917
1946
764
1679
4468
3040
4304
894
675
2038
1035
3990
32
3000
2867
4855
3071
3747
1032
1448
4383
1384
3495
366
1304
401
1570
2750
3438
1420
3184
3625
4093
4390
2249
3400
531
2224
3353
4819
3662
4110
3692
3432
1782
3446
3273
4092
1460
1756
4053
378
2701
2370
4147
681
2812
1264
2255
3778
4934
160
2854
719
3858
737
4196
2423
184
908
1847
409
2946
4124
4847
288
2810
4687
3508
2365
3993
4351
1986
3082
226
4042
2786
3568
3413
2917
291
2167
4792
2830
3191
755
1883
1621
122
862
589
1116
2940
871
3929
1149
395
694
632
2834
1537
587
200
3050
2492
3444
144
1283
834
3032
1308
2651
3597
4700
4164
3609
3887
1254
3210
244
811
1608
2410
3879
977
93
3885
3745
679
4512
4929
2384
2266
4943
3639
3274
3740
4877
2980
2842
942
3023
298
3472
1197
3585
2714
2319
3173
4144
3293
1466
2156
3676
235
3431
141
4645
1381
4544
3429
3319
3923
170
2033
3962
2587
407
255
3673
673
1437
3109
3880
492
4574
4010
686
3801
643
4118
1514
1665
4114
3940
3720
4322
4550
2039
1734
4326
4506
3148
3765
4472
2632
388
4259
137
1852
3621
2899
1998
2869
66
3544
3624
165
149
691
3355
3509
2658
3563
4817
2792
4932
4198
2451
2523
3267
4705
4255
3350
339
1671
4937
4339
1999
2617
4337
2000
3632
509
4374
3430
1969
478
313
4892
1353
3233
2241
3178
1114
2052
4775
3848
1598
4268
322
1011
163
950
465
2593
4279
10
4260
712
289
335
4263
925
915
472
3785
1226
3383
2199
3098
2352
516
176
174
879
1703
1094
363
2649
1377
242
4049
1911
591
1294
3304
551
1893
2462
4909
4565
1207
3900
4391
584
180
1369
2826
4083
4050
2636
2079
981
224
502
3705
67
1604
1249
2690
4837
934
219
520
4785
1041
3539
4470
850
1380
411
3733
1435
1549
2840
4931
1234
1295
4722
4629
3494
4082
154
285
1698
4697
1691
903
20
2797
4805
4886
3404
2109
2566
1915
384
1236
1126
2760
4048
4056
3545
1909
4699
2505
1694
3172
725
2763
443
36
1522
3155
3048
993
2084
746
4956
4445
2696
3207
3320
3936
2012
685
888
120
4644
491
4249
2997
3832
371
4643
2136
710
4449
3294
4576
4860
839
1406
3683
668
3377
544
4657
892
4619
4430
4018
1916
2992
82
3361
2852
74
2573
3341
3804
1669
3970
4685
2123
815
4784
4334
539
3750
532
2798
2978
3290
4284
4596
136
1279
3066
3197
47
510
4109
4647
3079
1242
33
325
4549
1657
4617
667
1688
998
1584
3512
788
3546
4555
748
2650
272
2761
146
4786
2993
3969
3187
1341
4618
8
4514
81
2613
4271
2367
1456
2418
2959
196
199
489
3329
2262
3466
662
1373
611
4677
887
3492
1253
479
4562
907
3579
3810
4870
4457
4315
1740
351
4377
1968
4345
1137
437
4417
3263
4066
4419
1594
3169
3977
4595
3
1985
1812
1830
1267
720
2326
970
4378
3020
529
171
4261
4682
1470
3308
1881
369
4209
4373
878
4844
1480
2323
3754
98
2903
4176
2477
2301
2975
2097
4903
4728
2508
2532
425
1817
1436
899
258
428
2752
3243
2710
1172
480
133
2930
3510
3831
1115
4995
2283
2788
2487
338
4336
602
2965
4872
3104
3278
2251
1629
835
40
1866
1248
2363
4759
1526
4213
2672
4021
1131
2736
4441
858
1442
1886
3131
3599
3171
4825
4040
1393
3463
874
847
1548
3150
4876
2717
2020
477
2829
4238
125
2642
4367
1961
2513
1229
3691
4637
2627
1503
460
3077
4089
2305
558
1093
4871
2399
2910
3244
2875
4838
4482
4097
4926
759
3875
2069
1865
2945
2328
3587
2639
4116
3964
469
1077
1209
2464
4466
1315
4807
1427
1564
3085
337
2991
3363
359
2656
4167
3152
3502
4308
1626
4435
2396
458
4709
72
2878
3091
2215
53
4560
3493
3741
1541
3102
4364
2409
964
4570
2743
3552
3117
1709
2665
3374
333
4215
151
784
4281
4411
1581
4945
1609
1502
973
1724
3316
1177
901
2704
1135
4670
3351
3771
1704
590
3630
4568
109
4556
178
2107
880
294
3661
1184
202
1736
1927
2616
911
3339
1109
4474
3412
3893
2356
267
4712
845
1347
1940
3260
306
1563
4278
1729
1825
1642
1791
1606
2500
4150
4557
310
2165
4389
2679
1695
1853
889
563
234
2857
410
438
455
3181
1161
2488
1324
3743
1340
803
1602
2998
543
150
2553
592
4865
28
1769
123
4551
1223
4949
2732
4111
3047
789
4741
716
1441
3953
721
2101
106
14
4174
1530
4978
2307
3916
2053
2808
343
1415
1793
1624
4649
2444
4938
3470
2745
2851
2583
4387
4513
990
124
953
2112
1359
3424
4600
1275
957
4423
300
854
3920
3684
3021
2193
3638
2707
4002
2422
846
2114
2152
394
2911
1166
4149
4001
2044
4696
1329
1015
924
1424
4845
3972
3389
3628
1321
3611
3790
4942
4895
1496
1163
787
1981
3093
826
4591
3447
794
4127
4348
1256
1052
1989
4824
649
3388
1290
9
4287
105
461
3038
4719
399
2018
1336
830
4325
3521
1362
597
3719
2195
2381
143
3391
391
97
3049
4172
2115
4989
1810
2002
2858
4885
4202
162
3892
1072
654
3921
1019
231
1759
311
1293
3311
4793
615
999
2376
2308
3507
1559
312
3874
1889
628
708
51
4584
4394
3616
2816
742
2055
943
2594
268
781
676
4976
3560
2919
707
2401
1498
762
4340
968
3070
2872
2227
731
4446
3837
1314
2538
1713
3056
2221
3559
3286
4168
3017
768
3928
330
995
2731
807
2973
4246
3525
2751
3088
2988
1159
2336
417
3496
881
1468
4883
1805
3809
2110
4594
1013
4162
555
753
1405
1339
2694
884
661
3481
4163
201
3992
2025
4384
3051
46
1063
1562
2485
1196
188
1429
663
4671
1110
4808
206
1349
3853
4257
415
3471
2003
155
3204
382
518
1287
3995
4307
1130
3200
3408
3577
2994
3058
4524
4310
1081
193
2413
3701
2461
4901
4491
4014
24
1400
3248
3749
2711
1273
1302
4908
1725
4734
3975
624
3030
4363
1078
2137
2015
1525
3409
2943
2489
2684
2185
3839
4614
4233
521
1842
672
3328
1674
1022
758
3266
65
1100
979
2252
3439
4601
637
138
2210
793
671
2766
4329
2827
766
4303
3054
1281
1488
782
827
2494
1409
4974
94
4358
4475
3227
1095
77
83
1567
3222
506
4907
1182
1941
112
1386
4045
1587
3677
3742
790
2677
1307
3636
910
4835
1127
2759
2708
4087
1319
2925
4977
1397
1618
3057
440
722
623
3450
2881
3942
451
4277
891
1550
3177
773
1558
1082
4605
121
1887
1246
2769
1765
421
3600
345
904
575
3103
2228
2596
4970
1092
4673
75
2119
1896
3694
1181
4573
58
4534
3459
1357
1225
2506
4178
1271
301
450
4857
1996
1089
550
4105
4107
4830
1206
287
3198
1306
1434
1142
813
4333
1949
2726
1607
2877
1029
355
2599
3680
3241
4219
1898
1411
3075
3506
4448
1722
2722
3529
4007
2066
324
1580
1872
2634
1361
4727
4769
2964
368
3908
212
921
1451
2443
4342
1588
4005
1233
4356
2296
1952
1301
1239
3984
1292
1908
1878
4145
4173
4132
1205
4037
3352
1438
2568
4151
3746
2391
3275
4983
2226
3976
1188
4148
585
4668
3806
1105
1807
729
3313
2434
730
3025
824
3265
1378
1980
253
344
1455
4283
2001
2678
1009
855
3805
3497
2258
1854
3836
929
1323
905
3526
186
3090
2935
1965
2796
1877
3436
2279
2122
1511
3869
3026
863
1997
3580
1068
1667
1483
647
4707
3261
1276
3015
1701
361
352
2317
269
2735
727
1640
569
1897
2838
3016
4225
147
3307
3024
4815
3930
2415
1121
4313
3332
3143
328
1656
3898
1730
326
3867
3919
30
2029
462
2896
4152
1991
1440
996
61
4915
645
745
916
4621
883
2802
3228
3835
2546
501
3894
2640
2126
3280
420
1895
4635
4854
4695
1274
1714
375
3739
605
4100
1801
882
4320
4221
2281
1282
4199
3028
4489
1888
769
52
34
4051
2243
3709
1119
4264
713
1644
16
4032
4216
2291
3315
848
2889
3789
3944
1123
2437
398
3924
2814
3780
3003
2657
4368
2406
974
4070
3781
1625
3250
332
4175
3105
1004
4166
1844
4729
2543
724
4194
1776
1992
3756
3570
868
1973
1599
1039
2324
3069
2572
1858
273
2660
4612
475
2674
4867
209
4777
4516
4721
4153
3225
3154
988
3193
1106
3256
856
305
1746
4904
3287
2741
3761
4525
2302
1201
4316
1090
4420
3156
595
1955
2072
3270
2907
2764
4725
376
2647
2316
4547
622
1828
3259
4204
1612
167
3967
3036
3833
1747
561
3978
1755
2908
3915
4416
1529
1982
1835
2129
3862
1265
4285
3914
4234
249
2353
2096
348
1423
900
3941
4959
4746
4197
2653
1383
4809
4190
3732
778
2680
740
1259
4781
161
3306
2089
4508
2421
4572
2768
4891
3766
3513
3724
1509
3592
2022
4012
418
1861
648
135
4669
1394
4735
2092
1855
3971
3998
3588
434
3634
2544
1036
1379
2955
2219
62
4055
3986
3312
4274
4941
4770
4884
107
2909
3843
3114
1649
4000
1683
1905
1786
987
2340
898
620
2435
3326
1168
2856
1047
1804
4379
3203
1407
955
1907
3927
4324
859
3147
2131
3128
217
3461
3422
706
145
197
22
4627
1098
119
3489
1956
4462
2562
466
1777
4155
1243
3414
4553
246
1141
4058
3864
1024
1191
1794
3700
485
2961
316
2120
3454
3576
4639
194
2209
515
1153
15
1538
4650
1595
677
2520
4563
2049
1792
1208
4452
2620
3658
3213
1179
1845
2938
4091
3254
4656
1288
445
2559
4463
4353
1084
961
1211
397
3441
3144
393
3285
4999
1049
3397
1744
3905
4985
2515
1200
142
2884
1613
4427
860
2086
4359
3948
1993
1900
1506
3410
2054
2608
3282
3829
556
166
3715
1593
447
3703
2999
1398
1345
2966
2498
4622
1228
4590
4350
2942
2578
1025
1214
1165
3483
1919
4993
2667
3734
1432
3693
4217
1708
2138
4079
4346
2282
3925
1914
1325
3002
525
4716
1692
4906
2183
210
2861
3039
1718
4349
3283
1904
4779
1258
534
3629
4797
633
1176
457
427
3828
4680
3337
4004
581
3714
1693
4266
2780
3872
2198
2585
73
577
2970
2871
1364
347
3065
1942
2070
1551
278
2272
116
4610
1066
113
4398
2687
2927
560
1647
2662
1685
1231
1000
4288
3097
264
4749
2043
3574
1261
690
674
604
1481
2476
3664
1677
4961
2277
3553
699
2383
488
1388
2143
2021
402
1269
3548
1539
2715
1194
3209
1478
4589
2157
3006
1238
1055
4211
2073
464
2441
3841
3954
530
4836
274
4902
2588
1775
549
4072
2036
2537
1589
2412
1124
1289
1088
4672
4862
2698
1443
1472
3982
1534
4360
1546
2369
192
3368
1972
1824
208
1648
680
2510
656
117
2074
3583
2512
4922
627
2139
3547
3163
2892
2692
2747
1870
4772
2327
594
4648
2575
927
931
1300
1922
511
1128
2292
3122
48
1818
619
984
250
1385
3183
2471
189
763
1343
1650
3571
4290
2746
3663
1771
4745
4914
3590
2924
4750
1430
3112
3849
3556
2229
266
1890
1579
115
2996
1257
507
2655
2821
1222
3327
670
2303
2132
1050
646
2358
1633
1003
432
3487
4332
4440
3830
3882
1643
2005
4653
3120
1894
982
1061
2521
1995
1994
4921
739
1504
659
257
3827
2895
1610
2836
1120
4497
651
2187
2130
2146
618
439
4666
1486
4510
2806
4754
54
303
2756
804
829
4075
4541
3886
4499
4604
517
1401
1139
2628
2819
886
1764
3482
1075
3460
2297
614
3330
4958
3217
1802
3491
3300
1402
3035
134
4306
3696
1859
3158
1950
4031
2265
851
4535
606
4455
280
4971
4046
3119
3421
2293
1628
533
4011
1058
2986
3543
3107
406
3309
1592
486
1766
1646
1928
3292
838
4113
4130
1884
1363
1473
4467
4200
909
4138
3411
1464
4355
1572
3896
4920
805
4017
1795
3813
3637
1554
433
3699
3959
3866
3847
2873
3811
3965
1860
3164
3648
4984
728
1661
2496
4720
3186
2876
872
2247
4868
2841
18
4731
2870
3748
4599
79
503
3939
3338
3252
2742
918
1666
1615
2311
969
493
2133
3395
702
652
823
3469
353
3219
3245
3089
1565
3360
4916
3044
965
2541
3423
616
2773
3331
4119
3844
2823
3061
281
3199
3643
1583
4992
3666
1014
3773
4036
3913
2166
3950
952
173
1555
600
442
2008
949
3826
1331
4245
3770
2164
1531
4239
599
3974
567
4747
4571
2118
3394
187
3511
1619
780
896
4343
4744
3019
2475
2874
2457
717
4740
2728
91
1389
1452
1255
1018
3907
2147
56
1654
754
893
2880
2127
2638
4608
487
1118
3842
4500
4317
2920
2730
4140
131
2267
1814
4972
1716
4473
2424
635
2473
1577
601
1573
2145
4115
4924
926
2511
1706
2706
4298
319
4894
4530
2235
1664
1742
4642
761
4875
1204
843
3116
4641
1079
2519
3635
2528
1171
1882
248
3106
1778
963
2355
4493
1527
796
350
2344
688
4766
4370
3042
869
1097
849
4623
1060
243
3046
1162
4738
1099
2428
4827
2738
2404
751
4371
972
3727
1879
3486
2067
4704
2304
2314
2893
2576
1545
1840
3189
3788
1983
3084
932
4019
1990
1027
2121
4873
2577
3123
4788
4210
2976
1446
960
484
3957
4269
3418
3037
3593
3909
497
3712
229
2774
2937
2013
419
3392
2719
3769
1652
3603
1515
2051
3890
3202
4923
4790
1634
3242
774
579
2299
3989
4767
4022
4893
1053
4453
2261
4428
1133
1710
4581
1521
526
4064
2770
221
4626
2454
2057
130
2280
3045
1811
2918
260
1190
308
1591
4484
2837
1268
4399
4402
158
4585
3133
3247
4913
3099
3855
453
2868
2906
1507
3598
3731
1154
2744
2914
57
1630
1005
1837
1638
997
3271
4361
1959
4586
1976
1505
360
2921
1823
4223
4392
2263
4236
1614
2338
498
2753
2205
3682
1051
2478
1076
2075
4080
1816
4776
2809
389
1820
2890
444
1045
697
2046
320
2817
2886
183
1874
959
2361
1712
4479
1774
4739
1841
405
3211
182
514
4810
3838
1134
3713
4165
3983
2591
1963
4341
354
4813
2058
1158
4944
3238
3166
3366
4753
4254
1425
1351
3825
4898
1737
3943
4354
3437
4237
4723
2006
4292
928
4661
2351
3865
2392
818
2683
2493
1465
179
4602
4936
4429
1241
4095
76
3375
1237
3728
4062
500
1147
3478
3333
2174
1754
2320
930
4751
148
873
3949
3779
4098
2380
1367
3419
7
2011
1450
252
2621
2257
1689
4912
1686
318
240
920
2670
2111
2223
2470
1951
1809
566
89
3717
4764
446
669
736
1203
3670
1662
4291
3651
213
3729
1227
4955
3958
222
1219
519
3369
2729
4222
4794
3442
3540
1763
540
2395
2387
1682
1856
4580
3532
2555
4205
4935
220
2028
935
4531
2622
4603
3468
1939
3214
2607
1947
50
1715
3240
3007
3752
689
3710
1917
1169
55
3815
35
2354
2481
3034
991
3659
3704
1469
4227
1966
1542
4703
4408
3607
1212
1651
3818
2777
1974
2733
2887
1333
1348
3901
1059
2567
2158
1096
4208
1344
2142
4437
1705
4520
4248
233
64
4009
1831
4755
4106
1770
1749
1461
698
4713
1316
474
4314
4232
3819
1892
2278
1930
31
4312
4372
538
2663
2124
554
279
559
2414
4406
3792
84
4818
4505
749
4861
86
2891
2623
1433
4431
3157
1417
765
4928
4863
482
1832
2371
2286
956
2748
541
4527
1030
4743
1375
3239
4189
545
527
809
639
1280
60
4244
4154
2671
4632
2737
3721
2703
392
4170
3537
1320
3784
4615
1463
1571
3475
2641
801
1413
962
2775
2290
68
4442
588
3448
203
3365
448
245
3931
2189
1140
4289
4546
4963
1374
571
4822
1779
3269
4117
4507
621
1912
2718
4554
3566
3095
2843
3718
3653
87
1518
609
239
3005
2420
4073
3963
4074
449
372
3891
4545
853
1733
299
1953
2206
4948
1043
1444
2312
1396
572
4133
2211
3567
3776
2865
3237
682
3385
254
546
3755
1064
3185
792
4773
1421
2379
831
3336
4071
4034
4694
2427
2922
4179
798
307
1988
3262
3557
1788
664
413
1797
2595
4757
2504
483
3500
3987
3161
840
630
528
4718
2264
3899
132
1936
3201
2213
4485
1250
958
1741
877
1676
4267
1826
3073
426
4918
738
1970
11
2934
791
523
2116
4660
227
1850
1167
608
914
3973
4230
3881
2430
4774
387
297
4041
1414
711
625
4410
2331
2614
377
4878
3443
436
283
1516
4859
3364
4418
270
1513
4552
1102
1103
329
897
1932
2197
1104
1439
2270
4438
4282
989
2916
3999
4025
1278
4327
4636
4057
4413
4134
3295
293
4577
844
69
3401
2061
603
808
2941
4186
495
4831
1697
2501
1247
4158
4240
3518
2429
1277
3257
4024
2586
4842
3671
181
4880
1560
4758
3387
1813
819
2106
2947
895
3889
3498
3357
2149
2915
1843
1945
1902
1964
2549
1416
1284
2529
4335
771
775
1148
4658
4832
1728
282
816
2755
570
1108
946
2740
4309
2948
2565
416
1189
4305
3382
617
3594
2482
2524
875
2050
4365
4543
3707
1101
2182
3011
573
867
3458
1738
1155
85
4478
1044
1552
1387
658
4296
4939
3474
547
703
1057
1390
1235
452
43
1851
4
1286
3768
78
2400
4663
3685
4299
127
3816
385
3586
1313
2491
1566
2273
4486
4690
3722
3897
4887
1731
3501
1260
4065
4366
70
4953
29
3797
424
4778
640
4328
938
2564
4487
1723
709
752
917
2723
2217
1071
3955
152
103
168
2522
157
2820
3317
4273
156
4016
767
2060
1376
582
3060
251
159
1696
3968
2469
4146
777
4683
1318
4803
2445
2981
1334
1484
1173
1199
565
1462
3631
4169
4226
1636
1944
4950
1087
195
2507
4996
2220
2274
1224
1508
756
23
1445
1721
1457
524
638
4896
1978
463
3876
3027
2606
3372
2329
2465
3504
2031
277
2148
334
304
88
564
1758
1054
4684
1574
3405
4183
2271
3605
4477
2850
3799
3668
430
292
941
1026
380
2016
110
1215
3074
3305
223
3434
4678
4203
4184
583
3473
3550
1021
3821
1136
2433
4078
2772
214
951
1332
2184
3464
284
537
3589
1645
1675
467
1447
2463
4501
1798
1781
836
71
1186
1164
247
1312
2150
841
1829
4026
2287
1690
3451
102
4964
864
1510
4395
2318
2250
2322
832
4782
99
4161
1627
1819
1185
2091
2238
3258
3787
4526
4258
3623
3675
3141
3386
2085
39
4969
3988
3796
1322
1474
641
4297
1561
3824
1540
1937
705
1477
4044
3344
4631
4698
2844
296
4852
1491
2239
650
1221
2321
4181
3281
923
636
2509
2784
1751
218
4407
4096
1303
4177
4143
4502
1296
2885
2017
241
2048
1523
1735
4180
866
3615
1028
2963
3272
4476
1266
2343
1596
2790
4405
802
726
2539
4979
4897
49
4569
412
256
3572
1074
3952
2803
2105
696
3860
2163
3917
3667
4302
4008
1785
4382
586
947
3760
1827
390
2815
2337
1533
2214
1412
4768
4015
1885
225
4633
3484
1251
1297
4881
3345
3649
1784
837
2484
3192
228
3212
4187
966
3180
2570
1836
2201
626
552
1750
4517
100
1180
3554
4262
1838
2686
4081
665
4646
3902
1216
976
3535
2958
400
1471
4242
4241
3349
3127
1757
4131
4593
3108
1663
1929
17
2813
2811
3857
2334
1632
2794
1789
2762
4003
3852
806
3485
2034
4756
4882
833
3288
422
1310
1934
3802
3672
2056
1767
4607
4899
4801
3640
3445
1590
96
3396
629
3456
3113
3934
653
63
4689
3190
4201
902
1948
1848
3453
1655
3861
1501
3381
1342
2192
1700
126
92
693
828
1726
2791
111
2397
631
41
4724
1113
666
1727
2240
309
4674
3641
4806
3167
4511
820
1796
4640
4988
3542
4710
2023
3399
4866
2962
454
2536
1790
4850
4519
3153
3121
3277
3415
4272
1263
4522
2673
3558
4763
683
1768
4630
317
3194
513
2248
797
1037
379
1232
139
341
204
4665
374
4990
2068
3530
3873
1568
3793
2618
3135
4142
3196
3417
1921
933
1174
4243
3856
1038
4125
2479
536
2688
2455
1156
4104
598
821
1065
1659
4829
885
2849
776
3029
733
4965
2569
4300
4812
3324
2335
4251
4919
290
4688
1605
2113
4344
2767
1876
1780
2276
4542
786
978
4139
3480
3522
1641
118
2972
1943
3230
2346
1931
2779
1631
1040
1745
732
4088
3457
1338
825
4157
1954
3100
4456
4112
2179
2141
3961
512
912
4270
3323
3619
1495
1467
4331
1482
4946
2345
1356
3067
3937
3578
504
3524
114
4730
2268
237
4820
59
562
3467
4108
1
4471
4833
3538
459
1368
215
657
2204
3910
3371
1048
3759
4933
701
2669
4994
470
1597
3403
1129
3043
3340
4791
4250
3763
1218
3903
4667
975
2554
2974
2580
101
3314
4927
2104
3716
4816
3730
1192
1707
613
800
2904
1600
3136
3531
4796
342
3622
1073
4795
21
1150
2207
3390
383
2065
3218
3206
3817
4761
3777
723
13
3791
4102
4800
4962
2789
2600
1557
4717
2676
580
3346
1183
104
2805
3708
2237
4218
4634
2503
2436
574
4030
3373
3690
1760
3723
1958
3606
1337
3140
4691
1270
2598
1899
2839
2083
3655
1582
576
3096
4798
4864
4967
1299
381
1494
3134
2313
4126
4869
4099
1834
971
1195
3520
3601
4504
4834
2626
3738
3840
2234
2125
4362
906
2366
185
2009
3610
913
1138
2727
164
3822
750
4732
1821
992
4940
1815
3812
4090
4787
1623
2883
3425
4235
4122
1193
1031
2929
3078
4982
1475
3427
12
3926
4823
4311
4006
1799
1906
3795
2284
4028
357
3994
2230
302
1925
1687
3633
45
1622
3378
95
2860
4318
4047
1418
38
4771
1535
3918
1240
408
842
2246
4286
4856
1672
4760
1913
2716
2905
4540
948
191
3359
1476
435
4439
4659
404
1639
362
1145
936
4323
3426
1857
263
2194
1975
6
4228
4020
2088
4412
2783
80
230
2216
3604
1479
1453
207
634
2956
684
3176
19
2151
3490
4566
1175
1868
4294
2499
4628
3681
2154
2902
4686
1863
1408
3276
2563
481
1370
4654
3236
238
1901
1743
4518
1935
1244
1761
1034
2863
3575
3296
4997
4214
4027
336
2709
4480
1787
1660
205
4973
3053
1617
4252
944
431
3449
4708
610
3299
2611
3384
4135
1910
3503
2592
3335
3562
967
3076
852
783
4848
4409
3010
3462
3613
3342
4693
3055
799
535
499
4879
4652
1328
456
1493
1178
4616
4528
2497
172
1346
4620
980
2254
508
1056
3584
1891
364
190
1217
198
812
1428
414
1006
3072
2697
1404
4826
3947
4013
1213
4123
1366
4465
772
1678
1800
744
1403
4136
2882
505
3960
1833
1317
2648
718
1151
1864
473
2416
